bridge_pose = {"version":1.3,"people":[{"person_id":[-1],"pose_keypoints_2d":[0.255244,0.603225,0.853665,0.3113,0.66861,0.611142,0.32568,0.706593,0.807634,0.426866,0.712084,0.641127,0.517195,0.717605,0.256783,0.302272,0.6304,0.369653,0,0,0,0,0,0,0.479215,0.510503,0.315729,0.475625,0.502358,0.327412,0.639993,0.447886,0.737408,0.632795,0.706738,0.700472,0.477412,0.521413,0.28034,0.632712,0.453244,0.332464,0.618279,0.665819,0.568486,0.239083,0.622133,0.949109,0.240877,0.603191,0.23209,0.242691,0.684896,0.808952,0,0,0,0.697774,0.733872,0.147229,0.701321,0.723011,0.143883,0.605658,0.684873,0.465871,0.697786,0.733884,0.716619,0.686923,0.739437,0.644811,0.623708,0.72306,0.68213],"face_keypoints_2d":[],"hand_left_keypoints_2d":[],"hand_right_keypoints_2d":[],"pose_keypoints_3d":[],"face_keypoints_3d":[],"hand_left_keypoints_3d":[],"hand_right_keypoints_3d":[]}]}


cat = {"version":1.3,"people":[{"person_id":[-1],"pose_keypoints_2d":[0.7136,0.618039,0.814279,0.680812,0.544201,0.701049,0.680881,0.566043,0.776606,0.669888,0.7,0.882046,0.694529,0.817415,0.882793,0.678061,0.52506,0.535885,0.656287,0.691777,0.166973,0.699951,0.751825,0.694502,0.470462,0.607074,0.593664,0.467746,0.61252,0.732261,0.423994,0.790146,0.863246,0.249101,0.792771,0.779163,0.478573,0.604291,0.379255,0.445821,0.749109,0.464934,0.279183,0.751884,0.796064,0.727218,0.609777,0.810663,0,0,0,0.735395,0.568816,0.836867,0,0,0,0.230154,0.790058,0.062145,0.235535,0.790067,0.0919533,0.265481,0.738138,0.679595,0.172638,0.811933,0.646596,0.178034,0.798359,0.608661,0.235446,0.784612,0.480146],"face_keypoints_2d":[],"hand_left_keypoints_2d":[],"hand_right_keypoints_2d":[],"pose_keypoints_3d":[],"face_keypoints_3d":[],"hand_left_keypoints_3d":[],"hand_right_keypoints_3d":[]}]}

cow = {"version":1.3,"people":[{"person_id":[-1],"pose_keypoints_2d":[0.697227,0.462209,0.893676,0.637062,0.557918,0.770567,0.650722,0.566105,0.820482,0.658944,0.708071,0.86085,0.691787,0.817417,0.913237,0.62345,0.552344,0.63195,0.653553,0.691711,0.371292,0.689103,0.749075,0.753152,0.434867,0.609728,0.581863,0.429417,0.612553,0.691067,0.424034,0.795552,0.872272,0.254521,0.784624,0.770439,0.440376,0.604307,0.425255,0.445902,0.765461,0.689273,0.279233,0.749181,0.742631,0.680789,0.459466,0.907961,0,0,0,0.650846,0.494987,0.912214,0,0,0,0.271003,0.75457,0.0675309,0.270877,0.751937,0.0976948,0.268185,0.732761,0.632513,0.180764,0.806554,0.669381,0.180817,0.798212,0.643108,0.238196,0.773734,0.464479],"face_keypoints_2d":[],"hand_left_keypoints_2d":[],"hand_right_keypoints_2d":[],"pose_keypoints_3d":[],"face_keypoints_3d":[],"hand_left_keypoints_3d":[],"hand_right_keypoints_3d":[]}]}

downward_dog = {"version":1.3,"people":[{"person_id":[-1],"pose_keypoints_2d":[0.60506,0.636409,0.768199,0.611638,0.519049,0.206178,0,0,0,0,0,0,0,0,0,0.618192,0.529979,0.315297,0.725211,0.701984,0.273491,0.801672,0.756524,0.674774,0.559283,0.417995,0.0519339,0,0,0,0,0,0,0,0,0,0,0,0,0,0,0,0,0,0,0.611605,0.639153,0.125863,0.592064,0.620035,0.554335,0,0,0,0.594206,0.589966,0.29973,0,0,0,0,0,0,0,0,0,0,0,0,0,0,0,0,0,0],"face_keypoints_2d":[],"hand_left_keypoints_2d":[],"hand_right_keypoints_2d":[],"pose_keypoints_3d":[],"face_keypoints_3d":[],"hand_left_keypoints_3d":[],"hand_right_keypoints_3d":[]},{"person_id":[-1],"pose_keypoints_2d":[0,0,0,0,0,0,0.657524,0.614521,0.136639,0.714329,0.696444,0.796121,0.82789,0.811105,0.831151,0,0,0,0,0,0,0,0,0,0,0,0,0,0,0,0,0,0,0,0,0,0,0,0,0,0,0,0,0,0,0,0,0,0,0,0,0,0,0,0,0,0,0,0,0,0,0,0,0,0,0,0,0,0,0,0,0,0,0,0],"face_keypoints_2d":[],"hand_left_keypoints_2d":[],"hand_right_keypoints_2d":[],"pose_keypoints_3d":[],"face_keypoints_3d":[],"hand_left_keypoints_3d":[],"hand_right_keypoints_3d":[]}]}


fierce = {"version":1.3,"people":[{"person_id":[-1],"pose_keypoints_2d":[0.54974,0.249222,0.899159,0.552487,0.352925,0.911079,0.497702,0.350193,0.778121,0.525014,0.205455,0.887398,0.552473,0.0933361,0.84897,0.604386,0.352967,0.821119,0.604284,0.20818,0.783435,0.579629,0.0989267,0.877462,0.536016,0.579782,0.782709,0.495043,0.582389,0.740154,0.563363,0.719062,0.871235,0.52501,0.850246,0.874054,0.576984,0.579771,0.776632,0.615162,0.724476,0.835723,0.557921,0.842119,0.930351,0.536026,0.246335,0.687977,0.557761,0.249164,0.669804,0.52502,0.276455,0.103463,0.566058,0.281862,0.274305,0.58239,0.88309,0.924256,0.590596,0.877569,0.91375,0.552295,0.852945,0.690225,0.54688,0.883061,0.897207,0.525088,0.882984,0.860302,0.516884,0.861216,0.920509],"face_keypoints_2d":[],"hand_left_keypoints_2d":[],"hand_right_keypoints_2d":[],"pose_keypoints_3d":[],"face_keypoints_3d":[],"hand_left_keypoints_3d":[],"hand_right_keypoints_3d":[]}]}

forward_fold = {"version":1.3,"people":[{"person_id":[-1],"pose_keypoints_2d":[0.610239,0.594895,0.194368,0.529247,0.570252,0.464961,0.523711,0.537406,0.682456,0.632315,0.605843,0.848747,0.696751,0.641272,0.854812,0.527401,0.602993,0.260875,0.604693,0.641327,0.591256,0.682085,0.666022,0.6763,0.372707,0.668743,0.423199,0.372694,0.67693,0.608045,0.532927,0.682332,0.462404,0.674693,0.704233,0.556327,0.3727,0.663233,0.258867,0,0,0,0,0,0,0.608419,0.578377,0.481088,0,0,0,0.58629,0.534647,0.884124,0,0,0,0,0,0,0,0,0,0,0,0,0.700461,0.690574,0.303539,0.696778,0.701508,0.288649,0.689415,0.709785,0.32513],"face_keypoints_2d":[],"hand_left_keypoints_2d":[],"hand_right_keypoints_2d":[],"pose_keypoints_3d":[],"face_keypoints_3d":[],"hand_left_keypoints_3d":[],"hand_right_keypoints_3d":[]}]}

four_limbed_staff = {"version":1.3,"people":[{"person_id":[-1],"pose_keypoints_2d":[0.831026,0.754486,0.958979,0.730047,0.751797,0.741675,0.72456,0.770963,0.795287,0.626204,0.743617,0.859109,0.645269,0.836485,0.888219,0.738218,0.724512,0.49452,0.62075,0.721804,0.195251,0,0,0,0.527861,0.760067,0.563827,0.519674,0.770973,0.56063,0.372128,0.781854,0.508264,0.167175,0.768192,0.740015,0.53329,0.74639,0.434727,0.369353,0.765562,0.399593,0.175415,0.770926,0.0968556,0.822882,0.740961,0.937961,0,0,0,0.784596,0.738223,0.923173,0,0,0,0,0,0,0,0,0,0,0,0,0.148041,0.836477,0.72757,0.134388,0.825619,0.611774,0.150706,0.75456,0.662535],"face_keypoints_2d":[],"hand_left_keypoints_2d":[],"hand_right_keypoints_2d":[],"pose_keypoints_3d":[],"face_keypoints_3d":[],"hand_left_keypoints_3d":[],"hand_right_keypoints_3d":[]}]}


open_triangle = {"version":1.3,"people":[{"person_id":[-1],"pose_keypoints_2d":[0.74645,0.486874,0.713117,0.669841,0.533299,0.769474,0.667227,0.60163,0.755708,0.650733,0.716277,0.705339,0.683484,0.828337,0.301835,0.675356,0.470412,0.612809,0.672599,0.339194,0.884436,0.697196,0.224501,0.881568,0.434925,0.519572,0.614066,0.467674,0.54699,0.57302,0.58247,0.694459,0.762043,0.71083,0.836502,0.799246,0.404838,0.492374,0.610467,0.309145,0.664436,0.810746,0.227338,0.83648,0.856542,0.762791,0.492241,0.169195,0.749119,0.505973,0.492792,0,0,0,0.735405,0.533308,0.643114,0.2846,0.836517,0.687226,0.27642,0.83112,0.667224,0.213563,0.852999,0.828469,0.792779,0.85835,0.820233,0.776504,0.861226,0.830785,0.702659,0.850198,0.717409],"face_keypoints_2d":[],"hand_left_keypoints_2d":[],"hand_right_keypoints_2d":[],"pose_keypoints_3d":[],"face_keypoints_3d":[],"hand_left_keypoints_3d":[],"hand_right_keypoints_3d":[]}]}

plank = {"version":1.3,"people":[{"person_id":[-1],"pose_keypoints_2d":[0.208724,0.425328,0.915928,0.306351,0.433493,0.635642,0.313754,0.419704,0.471759,0.334065,0.623523,0.746493,0,0,0,0.297178,0.444578,0.73661,0.311944,0.634678,0.813784,0.31379,0.799881,0.755641,0.490545,0.480359,0.468851,0.488676,0.483144,0.33098,0.643394,0.582302,0.281796,0.78889,0.708985,0.5777,0.496036,0.469349,0.467854,0.645228,0.596039,0.422015,0.827511,0.731026,0.681555,0,0,0,0.205063,0.403171,0.908237,0,0,0,0.236394,0.375705,0.889692,0.792538,0.797162,0.667952,0.809111,0.797167,0.663385,0.844053,0.730955,0.745212,0.761273,0.777832,0.632329,0.761214,0.769583,0.561795,0.79986,0.706206,0.317742],"face_keypoints_2d":[],"hand_left_keypoints_2d":[],"hand_right_keypoints_2d":[],"pose_keypoints_3d":[],"face_keypoints_3d":[],"hand_left_keypoints_3d":[],"hand_right_keypoints_3d":[]}]}

three_legged_downward_dog = {"version":1.3,"people":[{"person_id":[-1],"pose_keypoints_2d":[0.525087,0.798316,0.633547,0.541488,0.71356,0.256149,0.574287,0.716327,0.385402,0.645259,0.820257,0.927407,0.73556,0.893969,0.837155,0.505978,0.713584,0.0541574,0,0,0,0,0,0,0.432158,0.530479,0.267343,0,0,0,0,0,0,0,0,0,0.415779,0.497778,0.365444,0.262764,0.697244,0.565047,0.178048,0.861054,0.745164,0.552421,0.80103,0.401705,0.533332,0.814651,0.483877,0.574167,0.787349,0.136409,0.506007,0.795523,0.120944,0.254524,0.885716,0.697726,0.246405,0.880289,0.604942,0.158965,0.87481,0.749781,0,0,0,0,0,0,0,0,0],"face_keypoints_2d":[],"hand_left_keypoints_2d":[],"hand_right_keypoints_2d":[],"pose_keypoints_3d":[],"face_keypoints_3d":[],"hand_left_keypoints_3d":[],"hand_right_keypoints_3d":[]}]}


tree = {"version":1.3,"people":[{"person_id":[-1],"pose_keypoints_2d":[0.479473,0.204274,0.920448,0.479506,0.29756,0.950123,0.43892,0.297511,0.880643,0.420601,0.401862,0.918487,0.403913,0.498121,0.90157,0.521846,0.297624,0.89516,0.536605,0.407371,0.907661,0.555,0.509014,0.88912,0.477692,0.495276,0.767559,0.449989,0.492632,0.756509,0.461054,0.66281,0.85007,0.462866,0.824914,0.843954,0.507079,0.495312,0.746866,0.492328,0.662835,0.852616,0.485041,0.824817,0.79513,0.470264,0.193145,0.911261,0.490452,0.190564,0.924254,0.459163,0.206929,0.897303,0.49978,0.206953,0.89731,0.486869,0.865994,0.79061,0.497893,0.860561,0.799945,0.481322,0.835899,0.60827,0.46839,0.863379,0.82911,0.455508,0.860641,0.786927,0.462944,0.838582,0.699844],"face_keypoints_2d":[],"hand_left_keypoints_2d":[],"hand_right_keypoints_2d":[],"pose_keypoints_3d":[],"face_keypoints_3d":[],"hand_left_keypoints_3d":[],"hand_right_keypoints_3d":[]}]}

upward_facing_dog = {"version":1.3,"people":[{"person_id":[-1],"pose_keypoints_2d":[0.593444,0.514144,0.884807,0.656193,0.607048,0.684943,0.659008,0.609803,0.694119,0.650764,0.729944,0.706396,0.64254,0.822923,0.419559,0.645341,0.604334,0.717506,0.645326,0.724563,0.49696,0.64254,0.831066,0.685476,0.574311,0.771038,0.593417,0.585132,0.773735,0.481013,0.426767,0.779201,0.460776,0.284667,0.809266,0.341219,0.566129,0.771023,0.62094,0.432217,0.795594,0.575804,0.270988,0.806497,0.428305,0.585232,0.527843,0.737798,0.5907,0.514178,0.172167,0.598923,0.566118,0.839866,0,0,0,0.172589,0.828353,0.22515,0,0,0,0.246373,0.790067,0.308901,0.16447,0.83653,0.276757,0.167179,0.828393,0.252824,0,0,0],"face_keypoints_2d":[],"hand_left_keypoints_2d":[],"hand_right_keypoints_2d":[],"pose_keypoints_3d":[],"face_keypoints_3d":[],"hand_left_keypoints_3d":[],"hand_right_keypoints_3d":[]}]}

warrior = {"version":1.3,"people":[{"person_id":[-1],"pose_keypoints_2d":[0.492218,0.331057,0.85963,0.486773,0.437636,0.663913,0.514185,0.429446,0.764435,0.53878,0.301102,0.834034,0.530579,0.199949,0.899758,0.429488,0.445853,0.358615,0,0,0,0,0,0,0.48961,0.656281,0.627865,0.527756,0.656204,0.617361,0.697146,0.67256,0.89079,0.716369,0.863795,0.855017,0.454081,0.658897,0.599776,0.344697,0.754497,0.797998,0.191694,0.852963,0.823776,0.475831,0.336464,0.850174,0,0,0,0.467613,0.377573,0.912049,0,0,0,0.238182,0.869276,0.392191,0.23274,0.863866,0.319169,0.16989,0.861127,0.712544,0.803744,0.885708,0.696867,0.784671,0.891253,0.704216,0.705437,0.877595,0.8833],"face_keypoints_2d":[],"hand_left_keypoints_2d":[],"hand_right_keypoints_2d":[],"pose_keypoints_3d":[],"face_keypoints_3d":[],"hand_left_keypoints_3d":[],"hand_right_keypoints_3d":[]}]}

warrior1 = {"version":1.3,"people":[{"person_id":[-1],"pose_keypoints_2d":[0.533022,0.246183,0.933384,0.497818,0.363222,0.898162,0.458006,0.360563,0.769365,0.36619,0.355161,0.824413,0.286607,0.346957,0.836677,0.54063,0.365956,0.790005,0.623306,0.336133,0.865116,0.701256,0.311603,0.872005,0.497844,0.62217,0.713011,0.464152,0.622161,0.657049,0.379982,0.774704,0.780526,0.286605,0.891914,0.83375,0.53297,0.619493,0.67456,0.644699,0.676587,0.857668,0.656917,0.891901,0.790198,0.522272,0.232419,0.919105,0.531409,0.227135,0.123843,0.491629,0.251615,0.911053,0,0,0,0.705934,0.921852,0.606921,0.702851,0.910952,0.530098,0.649301,0.913723,0.698121,0.271336,0.935456,0.782134,0.26372,0.924544,0.777161,0.283524,0.897339,0.59749],"face_keypoints_2d":[],"hand_left_keypoints_2d":[],"hand_right_keypoints_2d":[],"pose_keypoints_3d":[],"face_keypoints_3d":[],"hand_left_keypoints_3d":[],"hand_right_keypoints_3d":[]}]}


poses = [bridge_pose, cat, cow, downward_dog, fierce, forward_fold, four_limbed_staff, open_triangle, plank, three_legged_downward_dog, tree, upward_facing_dog, warrior, warrior1]

poses_names = { 1:"Bridge Pose",
	2:"Cat Pose",
	3:"Cow Pose",
	4:"Downward Dog",
	5:"Fierce",
	6:"Forward Fold",
	7:"Four Limbed Staff Hold",
	8:"Open Triangle",
	9:"Plank",
	10:"Three Legged Doward Dog",
	11:"Tree Pose",
	12:"Upward Facing Dog",
	10:"Warrior Pose",
	11:"Warrior Alternative" }

